length_bp
381
603
201
321
597
276
165
177
234
468
210
369
768
330
525
258
411
429
1011
237
414
435
291
495
2316
339
195
474
192
312
630
606
303
825
279
333
699
411
192
255
372
315
540
306
393
534
354
504
180
435
1332
117
357
390
621
990
390
426
201
405
1377
1290
948
513
1122
474
540
573
822
543
390
951
993
1284
297
486
858
408
93
1326
204
900
450
156
534
1011
3183
213
192
462
1320
699
336
369
654
303
1173
399
1050
837
879
717
2139
315
135
726
477
627
1179
882
792
720
1137
582
753
639
444
1167
498
546
840
885
1314
1224
2019
288
507
522
996
879
1407
3126
1161
1056
276
132
399
876
1758
1773
1305
765
1128
1071
5793
1653
9936
2073
1233
1557
1596
1002
1002
906
921
1638
645
2676
591
408
1347
1017
465
849
85
831
1551
258
480
114
360
423
867
855
450
291
1128
1287
876
834
771
474
573
1557
186
432
1038
1212
663
894
1158
834
813
1548
1425
732
2274
585
912
1896
582
828
426
633
1398
171
687
1161
783
654
345
282
321
414
489
1305
543
1032
867
576
390
354
819
519
303
153
732
1647
966
891
993
816
1281
90
1536
591
264
606
861
1275
723
315
1113
468
432
897
366
1638
600
1098
2955
408
681
351
222
852
579
90
1026
933
1203
1152
657
1374
77
1413
237
462
1545
708
1233
879
1092
876
834
1038
1533
879
471
873
1059
702
894
900
612
414
2280
417
186
426
930
459
2280
624
600
468
2493
267
504
630
279
3132
585
549
438
1071
615
1173
1089
501
399
1128
678
195
2052
453
867
714
279
504
930
396
171
429
786
516
270
975
411
2679
1488
459
77
87
336
1341
834
1935
630
294
477
1449
663
1068
1173
987
258
312
972
348
276
939
471
264
1536
1611
585
1206
564
561
738
90
1113
831
327
162
312
177
201
666
555
876
894
885
891
969
663
684
252
213
1929
351
198
357
984
2388
297
459
1008
555
759
1155
984
2004
906
1665
345
387
465
1017
723
717
1047
822
2385
1104
3057
417
372
1512
747
1326
1221
423
1020
342
219
1551
762
546
2751
1836
1026
1182
1032
600
771
702
1683
483
603
1095
1020
1587
1050
525
480
246
849
2427
618
777
597
570
657
357
672
432
525
1236
1248
972
477
879
990
414
1230
1185
76
76
76
1416
76
606
348
216
2013
987
735
969
258
1728
510
1083
357
183
141
210
9333
234
459
510
453
207
426
462
645
473
285
270
306
402
1320
1764
633
930
603
177
246
339
648
201
77
867
213
480
870
2109
471
375
288
366
396
723
801
219
582
222
1809
549
1923
990
105
762
849
855
768
1059
603
981
237
870
432
408
633
2121
180
120
432
354
441
321
222
1152
1263
255
303
624
558
783
819
975
1074
564
564
546
726
1434
108
174
483
855
273
936
468
387
477
954
1452
1668
411
387
609
1341
549
282
474
105
339
1134
1956
936
204
912
867
2508
3594
4491
303
402
360
2859
1446
870
3924
1470
594
489
996
1044
1917
978
1101
621
453
465
1350
177
243
1455
882
966
297
429
93
864
864
882
894
2049
597
1473
1704
573
267
174
1284
2163
159
2112
639
660
681
144
951
933
906
1074
471
420
1386
693
1092
666
696
843
657
831
399
510
399
1092
621
273
948
900
624
1263
1083
831
402
810
855
1272
798
1416
1224
720
702
981
1383
1272
1131
1668
507
1302
624
2727
1920
393
543
648
867
186
468
717
108
2460
930
1290
111
777
954
588
1389
2448
612
1911
1140
1185
900
264
939
2817
510
534
954
1107
720
1170
1347
204
195
1539
1143
366
237
333
201
327
2292
399
297
363
261
195
1215
74
1518
933
1734
717
900
519
1479
1419
699
267
993
498
702
1104
1977
153
438
2880
387
1098
1344
1179
1314
579
330
597
1242
657
909
801
2160
561
780
267
321
681
858
519
1002
1005
1509
1107
1236
1308
852
1203
2061
312
1260
1074
234
186
348
453
618
483
504
216
177
564
390
606
447
699
261
477
663
1365
396
891
813
468
213
213
102
348
300
939
306
1074
426
195
282
177
483
159
1029
717
387
228
954
1299
201
336
1938
525
324
387
1230
558
774
804
1023
675
1362
1158
540
1254
1191
597
399
339
1623
1338
1068
1437
2856
204
207
246
876
174
345
279
234
183
861
312
333
372
393
255
384
75
954
123
1578
447
459
1062
1398
243
360
228
666
1029
273
1128
489
93
363
1437
126
741
780
348
261
1137
456
597
1056
1407
165
597
606
189
477
96
291
258
783
267
285
324
294
228
360
252
447
402
1212
402
300
618
333
174
231
291
711
1233
270
2010
282
345
276
303
2226
1320
4317
243
414
1380
1020
1074
1425
2181
1329
1749
951
1071
609
1224
834
1377
744
651
147
651
396
264
372
156
801
258
219
420
348
507
471
1059
1197
315
3423
1233
885
393
477
219
210
132
237
798
279
357
288
88
330
279
1191
318
417
681
465
2055
447
2139
132
636
507
1062
417
393
702
285
738
969
1815
336
1125
1071
609
603
291
1515
681
1830
1392
1320
1065
1317
690
1245
3690
915
912
288
525
558
522
255
750
1260
1104
402
1248
459
306
1605
786
1461
1059
948
228
1080
1224
597
630
801
1242
1344
741
774
582
2448
747
1854
5733
1791
291
243
507
810
1083
636
453
132
150
483
231
525
735
240
849
1524
1011
747
435
636
768
1179
738
564
474
402
531
543
1959
3663
2889
3372
411
471
609
570
141
795
873
2241
528
687
1041
360
165
1221
2157
2262
1023
1263
942
1161
909
888
636
1680
402
345
606
426
801
489
960
1080
813
1134
1062
594
1185
456
1038
579
576
639
2379
744
255
1320
2058
1395
1527
954
1392
417
747
783
180
396
285
396
306
381
390
699
534
795
1305
1410
1452
1491
531
741
2535
465
1299
249
1005
1260
1287
306
942
1908
1914
471
1392
1236
76
76
546
1053
882
3342
978
1824
735
393
357
462
567
1005
399
1647
294
603
1437
1302
360
1788
2148
558
2016
576
76
2556
120
426
267
1035
873
822
144
207
1419
1257
825
1149
315
549
2844
360
1194
1080
1407
984
219
1038
513
609
372
2478
867
525
354
447
474
120
489
438
591
540
777
663
267
1632
651
756
1506
531
1812
825
762
873
2292
954
900
957
750
1074
846
888
1320
492
2334
687
648
519
1107
459
702
768
1287
927
1116
438
246
822
363
732
978
732
2574
309
582
1917
240
252
573
402
441
582
111
246
2364
5979
165
549
270
855
138
1527
1947
510
480
930
1548
1029
1134
1971
1053
816
204
1791
288
195
183
966
618
480
210
384
258
966
699
264
1203
1083
1113
1896
471
318
663
1035
624
2583
483
726
675
741
918
1548
879
474
1074
1530
1182
75
77
75
75
85
77
1665
753
1227
1146
801
2034
1668
1422
624
2103
447
528
288
108
768
252
264
483
585
210
267
459
408
231
303
504
123
279
375
183
198
231
384
438
519
480
924
1218
576
1542
570
579
711
987
2061
1185
1299
2547
327
807
1413
1041
699
678
816
990
1089
522
1503
429
627
606
897
2556
546
195
2148
681
408
882
1620
1353
720
516
2376
228
2316
258
270
777
702
576
2097
2025
351
2712
330
837
759
273
192
201
285
450
1338
336
447
1344
1335
771
2043
843
1353
1128
1269
1137
507
498
855
3213
1083
798
2217
846
201
945
1500
117
1290
480
1719
705
2016
900
1077
981
903
948
1608
207
1764
1392
77
1332
1530
591
1692
1464
1287
381
315
387
987
270
1047
414
324
303
927
711
456
246
480
981
147
924
246
2016
711
738
804
1152
1038
1281
1005
822
1080
696
780
153
792
1491
129
819
1017
1053
1152
153
897
336
753
1053
108
939
726
1062
76
76
810
507
1293
1182
429
687
402
300
135
1140
1569
873
1167
1224
2808
717
1767
348
216
1281
579
882
1662
342
285
435
495
364
705
894
936
1437
222
555
528
1101
378
339
108
390
375
77
76
957
1491
999
993
882
339
1524
1647
258
927
1851
1545
465
462
879
210
882
1479
201
1443
264
252
258
744
984
627
234
981
222
279
204
801
522
516
456
231
321
519
411
249
246
537
264
201
543
504
1062
810
360
270
423
2079
1161
459
327
342
885
387
510
231
951
2052
426
309
321
1383
1182
258
1377
600
1365
498
1563
738
678
807
804
399
858
1398
765
633
468
1545
975
798
879
462
570
2214
648
204
222
108
264
885
2436
1161
318
456
216
2199
144
1029
747
525
1332
930
486
585
240
1293
2115
1839
843
3696
4908
1464
351
1386
1647
408
891
1578
1212
363
1110
1272
912
411
519
498
1482
441
264
480
369
333
294
246
357
288
567
354
99
378
246
741
294
246
444
114
210
582
162
186
555
366
2022
1578
804
1101
9492
6108
960
1803
1803
1281
1305
1263
76
741
1350
2592
645
531
3870
633
132
1323
651
843
879
474
561
1230
870
963
600
1161
1530
402
123
2031
1080
102
1092
414
225
237
459
141
504
645
333
4485
765
432
744
2235
1038
960
951
585
126
651
1374
405
123
1128
429
393
642
516
486
1419
4458
990
2337
654
726
576
591
354
1974
900
462
348
798
174
315
219
327
201
234
267
1356
711
987
1743
1176
1107
327
912
1110
1365
1815
474
606
267
315
375
189
627
1623
456
261
468
147
633
219
366
339
213
1578
969
807
807
666
126
303
528
1719
696
687
663
834
993
1059
330
1176
405
381
318
1362
348
840
762
177
369
528
1644
114
243
429
630
2727
651
2067
1689
207
483
1464
1038
747
156
507
951
738
732
1020
648
687
384
963
99
657
150
1326
756
1638
576
657
957
456
855
1800
999
681
912
726
732
381
636
372
1302
114
504
303
924
747
654
669
789
834
204
1398
468
1200
774
342
513
1173
1536
1167
438
750
2643
1356
342
387
465
207
372
285
144
150
297
714
123
111
618
381
579
1653
1287
1914
2121
1110
552
1011
2616
1206
1401
1089
1191
168
282
444
261
1377
213
402
231
270
360
339
312
297
1443
906
1485
192
642
444
330
345
1395
699
606
1722
1122
270
813
687
252
273
1086
657
447
1239
225
639
294
792
690
450
1317
2064
627
1287
117
276
579
258
1197
840
972
639
642
5067
1698
2184
1989
1431
1431
2448
1515
375
465
861
318
2286
996
1380
1116
3354
987
1245
882
819
513
2184
1527
1902
1050
336
201
1233
1452
438
624
381
405
303
717
933
264
363
231
285
576
840
171
267
1242
237
735
930
951
1035
168
525
597
963
114
3666
288
1047
246
297
429
207
570
666
246
432
1482
189
1671
1512
1203
438
543
291
597
957
1191
450
843
366
402
474
189
4353
234
228
417
480
1353
687
1737
492
546
300
738
390
240
990
2448
753
558
531
555
2652
1353
498
714
2073
882
189
450
339
939
468
384
189
486
1026
768
276
339
288
354
795
423
282
900
1131
867
504
930
702
582
336
771
1149
795
816
204
1356
1650
1188
921
990
1497
990
954
1638
606
852
1347
1176
1107
387
222
306
207
1044
603
279
468
801
888
510
891
1395
339
720
1386
1398
3075
3159
1335
1086
1506
1290
1029
1266
849
1353
1476
1560
2064
2232
1698
813
381
834
546
639
1044
627
792
444
564
252
432
1029
945
267
1077
201
831
372
411
276
180
336
213
1065
528
147
1023
1086
150
1917
747
570
2316
1143
756
294
885
192
426
303
432
420
423
210
372
294
3972
198
1485
849
1131
1305
600
1179
1425
76
552
255
342
225
657
1854
549
76
74
86
516
228
126
123
174
102
183
345
960
420
141
279
306
216
300
360
273
291
1077
861
339
174
570
435
105
162
798
285
1014
1269
861
828
891
282
186
243
885
867
837
1083
876
90
1698
294
105
927
561
450
729
591
390
489
255
216
1110
1983
1260
2700
258
582
888
1284
2172
498
1236
378
987
666
477
429
267
729
1059
756
1167
441
891
789
498
1167
1299
777
1554
771
414
282
453
1245
498
216
504
606
234
312
429
1158
534
1452
612
1332
2190
1164
702
1521
489
1023
336
993
351
1209
1167
330
783
3534
1407
687
798
2604
768
1347
546
1317
1050
183
1086
942
1005
993
1491
918
1227
669
102
2184
261
774
1029
402
417
1497
447
267
459
294
291
261
165
702
459
405
540
3447
1203
705
1248
771
837
1236
1122
1407
672
624
1371
627
1116
447
627
1254
1044
261
1581
207
522
519
783
333
810
1269
162
615
1590
444
438
1044
87
333
1155
1086
333
3087
1083
234
1233
1194
1593
996
1584
1056
1002
1020
876
291
492
2541
1083
321
345
876
537
1197
1047
1155
1413
378
438
378
198
288
1374
723
1332
264
465
258
1089
279
663
1077
1254
1182
408
696
885
1698
738
1011
1521
993
1167
663
1152
870
1140
843
201
2361
1263
669
1311
1275
771
228
234
216
234
528
504
480
807
828
261
2301
3828
837
438
249
591
621
1506
450
492
342
1893
183
543
75
468
657
660
738
303
495
1971
567
513
810
408
765
1266
297
1311
2325
492
276
195
288
213
420
801
387
333
774
450
390
825
2739
792
726
858
726
558
1197
759
849
1356
2388
498
1023
531
789
1185
597
3516
960
399
1383
318
261
201
549
441
684
1719
708
408
816
654
1032
567
711
279
321
300
1500
513
927
204
591
111
450
2199
867
345
237
438
885
591
1824
1410
1050
1413
1374
567
651
2799
624
987
270
588
531
291
294
1362
471
456
135
441
336
234
1485
77
765
465
720
756
1428
783
447
804
77
249
450
321
189
825
705
912
717
2163
687
1218
831
951
891
471
879
1794
621
621
996
810
1200
1116
1656
1275
1296
528
669
255
2367
627
321
420
273
663
1599
669
954
858
459
708
357
1575
1065
696
420
471
615
900
1059
2891
76
77
1539
294
387
375
2196
885
1995
369
312
921
378
126
207
1080
996
570
834
1302
1134
774
273
771
414
900
1029
381
1641
1044
717
1341
438
426
267
849
447
426
657
1242
732
786
639
1176
294
1362
210
780
1014
447
1047
1041
165
1278
381
327
1140
471
696
870
912
597
453
372
192
180
303
486
549
423
1005
228
1797
77
207
225
186
1397
669
273
330
75
315
495
483
648
189
483
648
504
765
537
468
1191
1464
1533
1845
303
546
543
978
2745
1386
564
1797
678
501
945
1215
594
1833
663
495
456
1203
2154
1035
444
288
1257
549
588
693
909
798
717
687
783
573
1518
510
723
1305
915
663
882
1011
1128
786
918
1038
531
696
321
183
474
381
690
1425
204
927
420
1869
1539
1467
993
462
441
1890
621
384
825
240
471
534
1542
864
1383
423
1371
1830
120
1041
948
888
777
723
672
855
738
756
669
177
345
2718
1236
2367
213
387
1104
513
2502
777
762
306
153
216
177
1323
258
243
477
165
76
372
282
1131
594
303
555
822
699
1125
1116
885
423
564
960
732
708
513
1155
162
1980
321
123
318
450
549
480
435
477
300
225
432
360
339
339
717
258
537
375
264
900
468
1374
2022
2469
1218
888
315
498
714
1164
1293
1410
528
1920
282
705
339
378
1494
300
369
1509
195
618
291
795
810
630
1305
480
723
243
936
1788
990
1527
1167
76
88
1116
135
1155
1953
573
654
2874
2676
729
2289
1131
258
510
1194
1209
543
1440
2181
1116
891
204
2307
1335
837
939
1137
321
468
855
1416
858
699
837
1077
1602
1269
474
882
861
930
837
249
1104
342
540
1713
972
180
945
930
957
753
519
1446
2397
675
348
1668
795
2541
3072
1434
1491
819
822
1032
351
471
1017
1281
669
96
1218
705
975
1398
1080
1545
600
1029
1050
690
1050
1572
984
1704
1503
135
2139
369
927
222
1785
444
582
567
1863
906
1095
630
702
642
999
1311
1935
2067
306
666
249
696
216
327
738
300
1170
312
762
603
2673
858
975
2616
300
252
1047
762
645
1035
621
936
1563
579
999
1428
1191
807
315
636
771
621
1083
543
450
231
750
678
192
1251
906
684
138
1074
228
705
2739
306
711
219
216
456
357
714
330
282
783
648
234
342
474
756
1737
306
306
399
231
192
543
1089
102
315
318
1200
1089
1671
888
201
543
2028
1113
642
582
1857
1587
780
1548
1299
579
1845
819
1041
1041
1080
2262
1815
891
894
1410
615
777
738
591
1068
1149
1332
900
828
411
996
690
894
1092
216
1392
1431
1110
318
351
2871
1305
423
741
843
1278
174
1146
1368
1425
1341
882
696
540
76
630
1293
507
993
741
165
2127
1308
1017
76
813
285
852
1719
165
387
114
240
234
276
300
246
1374
600
165
210
756
840
279
2082
780
1002
282
240
216
795
174
90
90
807
1026
639
1023
810
1434
270
543
159
1158
609
525
1503
570
561
1350
633
717
504
210
174
5049
456
156
876
696
594
450
1110
471
417
990
486
1449
954
435
2211
765
645
390
1050
888
1611
1674
702
2877
540
597
369
255
867
219
195
132
1167
966
249
201
243
300
660
393
486
129
162
195
384
438
156
645
1689
639
642
702
1041
1734
1500
570
2022
1188
2847
510
996
1320
513
1086
237
963
1317
957
762
786
1005
615
522
744
342
1797
816
396
804
972
765
576
1731
1680
3093
435
1806
2223
489
276
246
246
1017
1164
1080
258
486
1005
1167
1200
972
2151
405
237
366
336
2553
942
750
1125
1221
207
753
621
1044
1200
1539
465
909
552
855
1398
765
2664
1530
1425
273
537
210
1533
1692
945
567
930
1245
954
960
1008
759
564
186
363
486
294
246
1380
1194
95
1194
1185
1533
996
1320
1455
984
768
636
1791
558
993
1641
198
168
405
390
348
531
1080
1389
1041
1401
876
825
1056
936
1116
1275
1245
209
981
3288
1347
951
1005
555
1020
504
1359
210
927
738
645
678
165
102
1068
1059
615
1116
591
222
507
570
984
585
1797
1287
807
1017
531
510
1977
573
1371
501
1419
681
723
1170
504
975
768
1617
1014
840
210
1005
942
3534
333
660
342
453
993
2697
195
372
1392
957
606
3888
330
324
837
297
555
579
105
621
327
228
1236
972
1392
201
678
222
420
780
507
231
2010
369
114
309
279
267
438
2418
747
321
525
1284
747
1239
720
753
789
441
249
849
114
501
231
234
525
342
1005
1086
582
453
1368
624
1647
1125
966
1689
615
420
477
141
291
1428
222
384
435
552
4458
729
1323
786
894
753
234
210
1410
987
1749
2292
303
285
1674
693
1287
1086
1848
1095
1038
1767
858
2283
675
798
1149
1293
135
1335
609
3918
495
963
1767
1725
711
219
591
132
1134
369
267
330
465
552
2316
381
252
129
921
195
111
2376
1308
1083
282
579
855
1488
1608
1227
318
1023
105
267
327
954
963
312
315
339
414
465
1659
1371
444
2064
981
645
660
456
573
135
915
2070
720
321
2106
543
198
312
438
177
432
327
540
2715
534
525
924
1152
1257
828
921
1503
1071
1203
1317
1083
1377
1488
1764
318
963
459
174
234
1257
249
195
480
234
189
396
396
522
612
933
1086
807
807
543
279
2070
1224
138
339
573
219
1383
1119
528
357
3918
1737
639
1332
213
564
741
1959
666
621
741
456
1461
354
216
85
1077
1095
1512
450
2898
504
432
1008
459
1251
1431
2856
1308
624
1239
819
360
651
1014
216
1749
1839
77
339
186
2568
1278
3120
1491
588
264
243
240
423
771
1008
1641
441
1011
396
1296
807
294
1083
993
1344
1518
1053
1341
90
144
1422
1782
1101
789
207
759
870
186
144
171
459
279
1377
561
336
699
405
345
354
732
297
228
1197
378
1026
696
603
1023
246
357
615
429
453
174
501
123
1062
1104
1266
240
624
792
258
1215
1692
1305
1152
1374
744
1248
159
966
639
519
1014
807
441
1143
243
714
711
666
1284
858
1314
1074
774
990
960
645
1875
576
333
1977
564
381
537
156
3363
354
657
1188
3153
261
144
354
369
204
546
522
861
1290
291
1824
1767
462
1041
822
1704
699
408
447
1887
273
2355
1272
624
1305
186
321
579
1479
768
957
1992
615
333
888
1365
492
912
591
1452
255
921
1860
171
216
612
312
543
114
258
372
111
273
930
1599
1308
762
663
801
1020
510
723
1110
1401
399
363
876
1914
894
612
477
180
312
1713
993
717
1479
447
1353
471
1002
417
537
825
270
783
183
420
960
1023
1578
996
1059
156
2067
1002
981
1665
945
1110
690
699
630
1287
678
405
414
765
303
438
2073
243
648
468
2625
291
3114
2187
951
189
756
1317
318
201
1872
144
309
645
1368
1704
819
858
972
1416
960
261
966
1293
723
657
744
1128
504
777
498
888
525
939
543
924
1710
1419
1215
1683
537
3891
1542
564
696
888
423
765
1089
435
483
444
279
546
708
315
660
258
231
531
927
327
720
1119
273
1089
1101
2145
984
1500
960
2163
76
309
1563
1092
1431
603
1182
1662
285
1047
1608
711
768
2370
2907
354
3495
1611
1356
492
366
618
1104
2220
2349
2589
984
1845
444
519
1512
561
987
744
621
834
2253
1305
996
819
378
870
465
222
483
456
801
669
3234
1176
822
306
429
123
252
2277
321
264
1950
1113
948
1668
897
1653
1023
1722
1020
1491
1008
576
561
780
732
717
669
846
1371
798
786
867
237
1092
927
231
732
1131
465
846
966
1134
1110
486
315
264
1689
771
606
672
765
1302
1206
672
987
825
1068
651
621
1998
789
1083
1170
1512
147
873
1089
858
2472
822
477
489
645
1701
939
1134
456
999
1575
1089
711
1554
1497
1143
951
798
255
1245
573
1194
1473
744
327
984
702
585
135
1374
1809
1101
1029
1593
345
1200
708
1758
285
1644
312
750
279
393
321
228
453
648
549
1851
894
990
852
144
1629
2382
531
2208
240
333
522
477
228
1158
1122
1077
717
681
597
768
348
741
549
249
1362
792
1284
516
1599
429
567
77
77
93
186
2628
564
1071
489
1341
945
1425
1488
945
831
1146
1524
618
942
2214
384
531
711
861
618
2451
696
810
1008
1515
990
1038
882
1497
1644
252
786
1188
162
2097
252
1380
765
204
264
342
1290
972
675
1089
771
1116
456
2556
999
984
627
765
1050
489
726
321
318
705
1518
909
474
987
267
201
408
495
237
327
585
324
369
177
432
693
120
864
1896
1104
123
408
636
1401
918
732
1464
804
1329
1803
618
2493
126
1374
774
1005
1164
2637
573
348
186
1230
204
159
582
333
465
1773
228
1389
930
675
972
2412
588
825
624
1950
333
477
357
123
555
1164
1932
285
468
1731
1839
360
672
606
1296
1638
843
2235
2766
1446
1521
702
843
615
345
1437
99
1281
1998
912
795
2475
2541
576
861
456
1155
1476
480
798
855
381
996
339
771
927
876
537
1602
327
891
795
909
360
2598
372
348
186
76
85
75
76
1185
384
546
429
705
498
369
138
4029
4221
1131
816
216
798
675
2046
510
783
786
1068
741
591
276
654
1287
1590
186
279
240
393
540
264
246
246
123
759
471
711
282
150
456
261
360
186
210
714
858
219
522
282
168
597
231
810
2415
1086
1101
1389
141
141
360
258
1641
1365
1200
282
621
1329
390
77
276
810
255
630
441
1062
135
171
1275
354
918
228
651
528
258
279
1560
681
669
639
255
891
267
642
1257
1575
897
876
249
438
168
234
1173
1200
741
915
240
249
183
768
372
1578
1464
1380
225
957
1488
1182
636
1275
1128
1038
750
1197
429
1503
948
336
222
333
606
285
834
234
327
258
1014
141
243
1350
1251
77
77
1173
828
441
1257
120
918
396
1107
756
1365
846
552
393
807
918
213
909
300
468
120
351
837
762
1668
891
921
1128
1293
711
549
1392
852
792
1167
1368
804
1164
2613
780
543
762
426
504
837
276
432
561
105
360
1593
1383
2556
1524
993
945
684
861
1008
720
213
696
939
1317
504
234
141
390
594
1104
282
309
288
144
180
492
219
321
399
495
1728
1806
957
216
609
213
2889
618
4632
588
798
732
336
4242
270
318
747
384
474
345
834
435
348
777
270
363
639
366
234
207
150
120
117
120
288
1386
495
723
525
1065
2430
687
573
777
870
915
450
420
2886
810
480
1872
630
1005
471
588
423
4536
795
1350
684
1206
2037
1647
1461
198
1008
192
1182
1419
612
459
2865
1371
486
147
225
408
195
375
177
357
531
1575
720
1536
1305
1203
870
906
1119
1275
123
1935
771
876
996
414
375
648
1017
1851
552
1047
1926
291
387
807
450
92
360
381
77
87
76
77
1392
741
1365
1086
1257
1131
738
933
1068
1263
1131
1077
1098
1260
327
1269
1497
2022
297
792
531
732
2628
1368
819
1995
753
2082
660
2109
276
624
1704
624
864
717
648
597
459
1218
669
237
168
810
480
783
1278
966
1065
933
1212
1026
501
438
1371
1548
435
249
477
1020
822
489
1065
1377
699
489
960
903
984
990
273
777
1428
279
801
141
456
1764
276
342
363
456
1173
432
426
648
1407
135
288
423
267
348
633
630
633
348
498
348
264
201
1260
1824
414
816
396
1065
786
267
654
924
1368
465
1320
882
279
372
369
345
2115
441
288
975
507
1206
921
156
1104
216
420
312
399
969
549
618
318
